Mean: 2.964799999999997
Median: 2.966666666666667
Mode: 3.0
Max: 4.8
Min: 1.1666666666666667
